display dba-profile all
  ----------------------------------------------------------------------------
  Profile-ID   type   Bandwidth      Fix        Assure        Max        Bind
					 compensation    (kbps)     (kbps)        (kbps)     times
  ----------------------------------------------------------------------------
		   0      3           No          0       8192         20480         1
		   1      1           No       5120          0             0         2
		   2      1           No       1024          0             0         1
		   3      4           No          0          0         32768         0
		   4      1           No    1024000          0             0         0
		   5      1           No      32768          0             0         0
		   6      1           No     102400          0             0         0
		   7      2           No          0      32768             0         0
		   8      2           No          0     102400             0         0
		   9      3           No          0      32768         65536         0
		  12      4           No          0          0        499968         2
		  20      3           No          0     128000        256000         2
		  21      4           No          0          0       1024000         2
		  22      2           No          0     128000             0         2
  ----------------------------------------------------------------------------

MA5683T(config)#
